image: 6thfixxfixx.pgm
resolution: 0.025000
origin: [-9.000000, -21.000000, 0.000000]
negate: 0
occupied_thresh: 0.65
free_thresh: 0.196

